6

4 4
4
1 1
1 2
2 1
2 2
1 1

5 5
3
2 1
2 2
2 3
2 1

5 5
4
1 2
2 1
2 3
3 2
1 1

5 6
6
1 2
1 3
2 1
2 4
3 2
3 3
1 1

6 6
5
1 2
2 3
3 1
3 2
3 3
4 1

12 12
50
8 8
1 4
0 6
7 6
9 0
2 5
3 6
2 1
6 1
2 10
5 9
10 6
11 4
4 3
10 11
0 0
10 11
6 2
6 11
10 8
0 10
6 3
8 7
1 4
11 7
1 0
0 10
6 4
11 4
9 0
5 3
7 5
7 2
0 7
5 0
2 9
7 6
9 9
4 3
11 11
1 2
8 2
4 4
1 4
7 8
5 8
0 0
1 1
4 4
5 5
50 7

10 10
30
1 3
4 5
9 0
5 3
0 0
3 0
9 4
1 6
7 0
3 9
2 4
7 6
0 6
1 1
1 2
2 3
0 0
7 4
4 3
1 9
3 3
4 2
6 9
9 6
1 5
7 5
4 1
5 3
0 2
3 1
100 2
